1, 	1.0, 	0.0; 
2, 	0.99, 	0.010000000000000009; 
3, 	0.9702, 	0.02980000000000005; 
4, 	0.9410939999999999, 	0.058906000000000125; 
5, 	0.9034502399999998, 	0.09654976000000015; 
6, 	0.8582777279999998, 	0.1417222720000002; 
7, 	0.8067810643199997, 	0.19321893568000026; 
8, 	0.7503063898175998, 	0.24969361018240022; 
9, 	0.6902818786321918, 	0.3097181213678082; 
10, 	0.6281565095552946, 	0.37184349044470544; 
11, 	0.5653408585997651, 	0.43465914140023487; 
12, 	0.503153364153791, 	0.49684663584620903; 
13, 	0.44277496045533604, 	0.557225039544664; 
14, 	0.38521421559614233, 	0.6147857844038577; 
15, 	0.3312842254126824, 	0.6687157745873176; 
16, 	0.28159159160078, 	0.7184084083992199; 
17, 	0.2365369369446552, 	0.7634630630553448; 
18, 	0.1963256576640638, 	0.8036743423359363; 
19, 	0.16098703928453229, 	0.8390129607154677; 
20, 	0.13039950182047116, 	0.8696004981795289; 
21, 	0.10431960145637693, 	0.895680398543623; 
22, 	0.08241248515053778, 	0.9175875148494622; 
23, 	0.06428173841741948, 	0.9357182615825805; 
24, 	0.049496938581413, 	0.950503061418587; 
25, 	0.03761767332187388, 	0.9623823266781262; 
26, 	0.02821325499140541, 	0.9717867450085946; 
27, 	0.020877808693640004, 	0.97912219130636; 
28, 	0.015240800346357202, 	0.9847591996536428; 
29, 	0.010973376249377186, 	0.9890266237506228; 
30, 	0.007791097137057801, 	0.9922089028629422; 
31, 	0.00545376799594046, 	0.9945462320040596; 
32, 	0.0037630999171989173, 	0.9962369000828011; 
33, 	0.002558907943695264, 	0.9974410920563047; 
34, 	0.001714468322275827, 	0.9982855316777242; 
35, 	0.0011315490927020458, 	0.9988684509072979; 
36, 	0.0007355069102563299, 	0.9992644930897436; 
37, 	0.00047072442256405113, 	0.999529275577436; 
38, 	0.0002965563862153522, 	0.9997034436137846; 
39, 	0.00018386495945351837, 	0.9998161350405464; 
40, 	0.0001121576252666462, 	0.9998878423747334; 
41, 	6.729457515998772e-05, 	0.99993270542484; 
42, 	3.9703799344392756e-05, 	0.9999602962006556; 
43, 	2.3028203619747796e-05, 	0.9999769717963802; 
44, 	1.3126076063256243e-05, 	0.9999868739239367; 
45, 	7.350602595423497e-06, 	0.9999926493974046; 
46, 	4.042831427482923e-06, 	0.9999959571685725; 
47, 	2.1831289708407786e-06, 	0.9999978168710292; 
48, 	1.1570583545456127e-06, 	0.9999988429416454; 
49, 	6.016703443637186e-07, 	0.9999993983296557; 
50, 	3.068518756254965e-07, 	0.9999996931481244; 
51, 	1.5342593781274825e-07, 	0.9999998465740622; 
52, 	7.517870952824665e-08, 	0.9999999248212905; 
53, 	3.6085780573558393e-08, 	0.9999999639142194; 
54, 	1.6960316869572444e-08, 	0.9999999830396832; 
55, 	7.801745760003324e-09, 	0.9999999921982542; 
56, 	3.510785592001496e-09, 	0.9999999964892144; 
57, 	1.5447456604806583e-09, 	0.9999999984552543; 
58, 	6.642406340066831e-10, 	0.9999999993357593; 
59, 	2.789810662828069e-10, 	0.9999999997210189; 
60, 	1.1438223717595082e-10, 	0.9999999998856177; 
61, 	4.575289487038033e-11, 	0.9999999999542472; 
62, 	1.784362899944833e-11, 	0.9999999999821564; 
63, 	6.780579019790365e-12, 	0.9999999999932194; 
64, 	2.508814237322435e-12, 	0.9999999999974912; 
65, 	9.031731254360765e-13, 	0.9999999999990968; 
66, 	3.161105939026268e-13, 	0.9999999999996839; 
67, 	1.0747760192689311e-13, 	0.9999999999998925; 
68, 	3.5467608635874725e-14, 	0.9999999999999646; 
69, 	1.1349634763479913e-14, 	0.9999999999999887; 
70, 	3.518386776678773e-15, 	0.9999999999999964; 
71, 	1.0555160330036318e-15, 	0.9999999999999989; 
72, 	3.0609964957105323e-16, 	0.9999999999999997; 
73, 	8.570790187989492e-17, 	0.9999999999999999; 
74, 	2.314113350757163e-17, 	1.0; 
75, 	6.016694711968624e-18, 	1.0; 
76, 	1.504173677992156e-18, 	1.0; 
77, 	3.6100168271811744e-19, 	1.0; 
78, 	8.303038702516702e-20, 	1.0; 
79, 	1.8266685145536744e-20, 	1.0; 
80, 	3.836003880562716e-21, 	1.0; 
81, 	7.672007761125433e-22, 	1.0; 
82, 	1.4576814746138323e-22, 	1.0; 
83, 	2.623826654304898e-23, 	1.0; 
84, 	4.460505312318327e-24, 	1.0; 
85, 	7.136808499709323e-25, 	1.0; 
86, 	1.0705212749563985e-25, 	1.0; 
87, 	1.498729784938958e-26, 	1.0; 
88, 	1.9483487204206454e-27, 	1.0; 
89, 	2.3380184645047745e-28, 	1.0; 
90, 	2.571820310955252e-29, 	1.0; 
91, 	2.5718203109552522e-30, 	1.0; 
92, 	2.3146382798597268e-31, 	1.0; 
93, 	1.8517106238877815e-32, 	1.0; 
94, 	1.2961974367214472e-33, 	1.0; 
95, 	7.777184620328682e-35, 	1.0; 
96, 	3.888592310164341e-36, 	1.0; 
97, 	1.5554369240657365e-37, 	1.0; 
98, 	4.6663107721972095e-39, 	1.0; 
99, 	9.332621544394419e-41, 	1.0; 
100, 	9.332621544394419e-43, 	1.0; 
