1, 	1.0, 	0.0; 
2, 	0.9972602739726028, 	0.002739726027397249; 
3, 	0.9917958341152187, 	0.008204165884781345; 
4, 	0.9836440875334498, 	0.016355912466550215; 
5, 	0.9728644263002065, 	0.02713557369979347; 
6, 	0.9595375163508886, 	0.040462483649111425; 
7, 	0.9437642969040246, 	0.056235703095975365; 
8, 	0.925664707648331, 	0.07433529235166902; 
9, 	0.9053761661108333, 	0.09462383388916673; 
10, 	0.8830518222889223, 	0.11694817771107768; 
11, 	0.8588586216782669, 	0.14114137832173312; 
12, 	0.8329752111619355, 	0.1670247888380645; 
13, 	0.8055897247675705, 	0.19441027523242949; 
14, 	0.7768974879950269, 	0.2231025120049731; 
15, 	0.7470986802363135, 	0.25290131976368646; 
16, 	0.7163959947471499, 	0.2836040052528501; 
17, 	0.6849923347034391, 	0.3150076652965609; 
18, 	0.6530885821282104, 	0.3469114178717896; 
19, 	0.620881473968463, 	0.37911852603153695; 
20, 	0.5885616164194197, 	0.41143838358058027; 
21, 	0.556311664834794, 	0.443688335165206; 
22, 	0.5243046923374497, 	0.4756953076625503; 
23, 	0.4927027656760144, 	0.5072972343239857; 
24, 	0.46165574208547105, 	0.538344257914529; 
25, 	0.431300296030536, 	0.568699703969464; 
26, 	0.4017591798640609, 	0.598240820135939; 
27, 	0.37314071773675794, 	0.6268592822632421; 
28, 	0.3455385276576005, 	0.6544614723423995; 
29, 	0.3190314625222229, 	0.6809685374777771; 
30, 	0.2936837572807312, 	0.7063162427192688; 
31, 	0.26954536627135606, 	0.7304546337286439; 
32, 	0.24665247214967925, 	0.7533475278503208; 
33, 	0.22502814582422792, 	0.7749718541757721; 
34, 	0.20468313537984567, 	0.7953168646201543; 
35, 	0.18561676112528472, 	0.8143832388747153; 
36, 	0.16781789362012042, 	0.8321821063798795; 
37, 	0.15126599178361538, 	0.8487340082163846; 
38, 	0.13593217891787904, 	0.864067821082121; 
39, 	0.12178033563327793, 	0.878219664366722; 
40, 	0.10876819018205097, 	0.891231809817949; 
41, 	0.09684838851826456, 	0.9031516114817354; 
42, 	0.08596952843813074, 	0.9140304715618692; 
43, 	0.07607714434388009, 	0.9239228556561199; 
44, 	0.06711463144857367, 	0.9328853685514263; 
45, 	0.05902410053422507, 	0.940975899465775; 
46, 	0.05174715663274526, 	0.9482528433672548; 
47, 	0.04522559716670065, 	0.9547744028332994; 
48, 	0.039402027120577554, 	0.9605979728794225; 
49, 	0.03422039067732352, 	0.9657796093226765; 
50, 	0.029626420422011596, 	0.9703735795779884; 
51, 	0.02556800666557165, 	0.9744319933344283; 
52, 	0.021995490665724652, 	0.9780045093342753; 
53, 	0.018861886516087167, 	0.9811381134839128; 
54, 	0.016123037241148483, 	0.9838769627588515; 
55, 	0.013737711183553913, 	0.9862622888164461; 
56, 	0.011667645114799213, 	0.9883323548852008; 
57, 	0.009877540658830017, 	0.9901224593411699; 
58, 	0.008335020610738753, 	0.9916649793892612; 
59, 	0.007010551582183006, 	0.992989448417817; 
60, 	0.005877339134652055, 	0.994122660865348; 
61, 	0.004911201194709251, 	0.9950887988052908; 
62, 	0.0040904251046345545, 	0.9959095748953655; 
63, 	0.0033956131690527948, 	0.9966043868309472; 
64, 	0.0028095210330245043, 	0.9971904789669755; 
65, 	0.002316892687507879, 	0.9976831073124921; 
66, 	0.0019042953595955169, 	0.9980957046404045; 
67, 	0.0015599570206001631, 	0.9984400429793998; 
68, 	0.0012736087455858865, 	0.9987263912544141; 
69, 	0.0010363336916137213, 	0.9989636663083863; 
70, 	0.0008404240348429083, 	0.9991595759651571; 
71, 	0.0006792468226812546, 	0.9993207531773187; 
72, 	0.0005471193585432571, 	0.9994528806414568; 
73, 	0.0004391944439812996, 	0.9995608055560187; 
74, 	0.0003513555551850397, 	0.9996486444448149; 
75, 	0.00028012182618862065, 	0.9997198781738114; 
76, 	0.00022256254683479447, 	0.9997774374531652; 
77, 	0.00017622075626097424, 	0.999823779243739; 
78, 	0.00013904541863879612, 	0.9998609545813611; 
79, 	0.00010933160314886161, 	0.9998906683968511; 
80, 	8.566805068650527e-05, 	0.9999143319493135; 
81, 	6.689149163192876e-05, 	0.999933108508368; 
82, 	5.2047078420459645e-05, 	0.9999479529215796; 
83, 	4.0354310117781044e-05, 	0.9999596456898823; 
84, 	3.117785055675138e-05, 	0.9999688221494433; 
85, 	2.4002673990266133e-05, 	0.9999759973260097; 
86, 	1.8413010184313745e-05, 	0.9999815869898157; 
87, 	1.4074602305269957e-05, 	0.9999859253976947; 
88, 	1.0719834084561776e-05, 	0.9999892801659155; 
89, 	8.135326140886608e-06, 	0.9999918646738591; 
90, 	6.151643876396449e-06, 	0.9999938483561236; 
91, 	4.634800180846639e-06, 	0.9999953651998191; 
92, 	3.479274656306792e-06, 	0.9999965207253437; 
93, 	2.6023067977308336e-06, 	0.9999973976932023; 
94, 	1.9392532848843475e-06, 	0.9999980607467152; 
95, 	1.439829151242899e-06, 	0.9999985601708488; 
96, 	1.0650790981796785e-06, 	0.9999989349209019; 
97, 	7.849487052337905e-07, 	0.9999992150512947; 
98, 	5.763458986374133e-07, 	0.9999994236541013; 
99, 	4.21600972427916e-07, 	0.9999995783990275; 
100, 	3.0724892785157715e-07, 	0.9999996927510721; 
101, 	2.2307113939909027e-07, 	0.9999997769288606; 
102, 	1.613446049352324e-07, 	0.9999998386553951; 
103, 	1.1625652355607158e-07, 	0.9999998837434765; 
104, 	8.344988814161851e-08, 	0.9999999165501119; 
105, 	5.967238576702035e-08, 	0.9999999403276142; 
106, 	4.250635698472682e-08, 	0.999999957493643; 
107, 	3.0162045093271907e-08, 	0.9999999698379549; 
108, 	2.132002091524425e-08, 	0.9999999786799791; 
109, 	1.5011631164980198e-08, 	0.9999999849883688; 
110, 	1.052870569379433e-08, 	0.9999999894712943; 
111, 	7.355671101143984e-09, 	0.9999999926443289; 
112, 	5.118740985453622e-09, 	0.999999994881259; 
113, 	3.5480588200541547e-09, 	0.9999999964519412; 
114, 	2.4496186922017726e-09, 	0.9999999975503813; 
115, 	1.6845323061442325e-09, 	0.9999999983154677; 
116, 	1.153789250783721e-09, 	0.9999999988462107; 
117, 	7.871055436853329e-10, 	0.9999999992128945; 
118, 	5.348004789971577e-10, 	0.9999999994651996; 
119, 	3.619060775679396e-10, 	0.9999999996380939; 
120, 	2.4391478104578944e-10, 	0.9999999997560852; 
121, 	1.6372362015402305e-10, 	0.9999999998362764; 
122, 	1.0944811867830583e-10, 	0.9999999998905519; 
123, 	7.286545983240635e-11, 	0.9999999999271345; 
124, 	4.831079802586942e-11, 	0.9999999999516892; 
125, 	3.18983625321494e-11, 	0.9999999999681016; 
126, 	2.0974265774563986e-11, 	0.9999999999790258; 
127, 	1.3733834301700802e-11, 	0.9999999999862662; 
128, 	8.955212503574769e-12, 	0.9999999999910448; 
129, 	5.81475442012937e-12, 	0.9999999999941852; 
130, 	3.759676830549401e-12, 	0.9999999999962403; 
131, 	2.4206138498057785e-12, 	0.9999999999975794; 
132, 	1.5518455913823348e-12, 	0.9999999999984481; 
133, 	9.906301994303673e-13, 	0.9999999999990093; 
134, 	6.29660839089987e-13, 	0.9999999999993704; 
135, 	3.984976817254438e-13, 	0.9999999999996015; 
136, 	2.5110812821055363e-13, 	0.9999999999997489; 
137, 	1.5754455167182679e-13, 	0.9999999999998425; 
138, 	9.84113911813055e-14, 	0.9999999999999016; 
139, 	6.120379670727766e-14, 	0.9999999999999388; 
140, 	3.789604946806781e-14, 	0.9999999999999621; 
141, 	2.3360578439219884e-14, 	0.9999999999999767; 
142, 	1.4336354987356862e-14, 	0.9999999999999857; 
143, 	8.75892373200159e-15, 	0.9999999999999912; 
144, 	5.327345393162611e-15, 	0.9999999999999947; 
145, 	3.2255981695587315e-15, 	0.9999999999999968; 
146, 	1.9441961569943037e-15, 	0.999999999999998; 
147, 	1.1665176941965821e-15, 	0.9999999999999988; 
148, 	6.967146776297395e-16, 	0.9999999999999993; 
149, 	4.1421119190589994e-16, 	0.9999999999999996; 
150, 	2.451222395936285e-16, 	0.9999999999999998; 
151, 	1.443870726373428e-16, 	0.9999999999999999; 
152, 	8.465433847778455e-17, 	0.9999999999999999; 
153, 	4.9401024919912634e-17, 	1.0; 
154, 	2.869319803567528e-17, 	1.0; 
155, 	1.6587026809664338e-17, 	1.0; 
156, 	9.54322090419044e-18, 	1.0; 
157, 	5.4644744355501424e-18, 	1.0; 
158, 	3.1140018701217248e-18, 	1.0; 
159, 	1.7660229783978003e-18, 	1.0; 
160, 	9.96714338493005e-19, 	1.0; 
161, 	5.597984640851125e-19, 	1.0; 
162, 	3.128736621188026e-19, 	1.0; 
163, 	1.740091874249779e-19, 	1.0; 
164, 	9.63009749584809e-20, 	1.0; 
165, 	5.303149579905386e-20, 	1.0; 
166, 	2.9058353862495264e-20, 	1.0; 
167, 	1.5842773749689197e-20, 	1.0; 
168, 	8.594162198461538e-21, 	1.0; 
169, 	4.63849302218335e-21, 	1.0; 
170, 	2.4908072119121554e-21, 	1.0; 
171, 	1.3307052228023845e-21, 	1.0; 
172, 	7.072789403388017e-22, 	1.0; 
173, 	3.7398585064490066e-22, 	1.0; 
174, 	1.9672680362690663e-22, 	1.0; 
175, 	1.0294471093901141e-22, 	1.0; 
176, 	5.358765774907443e-23, 	1.0; 
177, 	2.774812962897279e-23, 	1.0; 
178, 	1.4292187315744886e-23, 	1.0; 
179, 	7.322298706970668e-24, 	1.0; 
180, 	3.731363176702861e-24, 	1.0; 
181, 	1.891238870383642e-24, 	1.0; 
182, 	9.533916497276442e-25, 	1.0; 
183, 	4.780018408223532e-25, 	1.0; 
184, 	2.383461233689542e-25, 	1.0; 
185, 	1.1819355706789237e-25, 	1.0; 
186, 	5.828723362252226e-26, 	1.0; 
187, 	2.8584698132689e-26, 	1.0; 
188, 	1.3939934979777103e-26, 	1.0; 
189, 	6.759913675124788e-27, 	1.0; 
190, 	3.2595748132108565e-27, 	1.0; 
191, 	1.5628098419504105e-27, 	1.0; 
192, 	7.450107191763601e-28, 	1.0; 
193, 	3.531146696370145e-28, 	1.0; 
194, 	1.6639924158237395e-28, 	1.0; 
195, 	7.795690496050944e-29, 	1.0; 
196, 	3.630869546105919e-29, 	1.0; 
197, 	1.6811423377860284e-29, 	1.0; 
198, 	7.737860623234323e-30, 	1.0; 
199, 	3.540336230356526e-30, 	1.0; 
200, 	1.610125518463516e-30, 	1.0; 
201, 	7.278649604013154e-31, 	1.0; 
202, 	3.2704069453648144e-31, 	1.0; 
203, 	1.4604831016286706e-31, 	1.0; 
204, 	6.482144177091634e-32, 	1.0; 
205, 	2.859247157566447e-32, 	1.0; 
206, 	1.253368617015429e-32, 	1.0; 
207, 	5.459879728916526e-33, 	1.0; 
208, 	2.363454786763866e-33, 	1.0; 
209, 	1.016609319238156e-33, 	1.0; 
210, 	4.344960378113762e-34, 	1.0; 
211, 	1.8451201605688577e-34, 	1.0; 
212, 	7.784890540482303e-35, 	1.0; 
213, 	3.2632554868323076e-35, 	1.0; 
214, 	1.3589447506808514e-35, 	1.0; 
215, 	5.6219358178851667e-36, 	1.0; 
216, 	2.310384582692534e-36, 	1.0; 
217, 	9.431432954005138e-37, 	1.0; 
218, 	3.824252266281535e-37, 	1.0; 
219, 	1.5401783099818787e-37, 	1.0; 
220, 	6.160713239927515e-38, 	1.0; 
221, 	2.4474066295602454e-38, 	1.0; 
222, 	9.655522045388365e-39, 	1.0; 
223, 	3.782848362987771e-39, 	1.0; 
224, 	1.4716834727240095e-39, 	1.0; 
225, 	5.68513341518042e-40, 	1.0; 
226, 	2.180599118151394e-40, 	1.0; 
227, 	8.304199381453253e-41, 	1.0; 
228, 	3.1396699031247917e-41, 	1.0; 
229, 	1.1784514430906753e-41, 	1.0; 
230, 	4.390942363296763e-42, 	1.0; 
231, 	1.6240471754659258e-42, 	1.0; 
232, 	5.962255383902303e-43, 	1.0; 
233, 	2.1725478522164557e-43, 	1.0; 
234, 	7.856885383358142e-44, 	1.0; 
235, 	2.8198684526573057e-44, 	1.0; 
236, 	1.0043367091656157e-44, 	1.0; 
237, 	3.549573574859299e-45, 	1.0; 
238, 	1.2447819659780557e-45, 	1.0; 
239, 	4.331159169293509e-46, 	1.0; 
240, 	1.495139877619129e-46, 	1.0; 
241, 	5.120342046640853e-47, 	1.0; 
242, 	1.7395134624204543e-47, 	1.0; 
243, 	5.861922078841531e-48, 	1.0; 
244, 	1.9593273797771696e-48, 	1.0; 
245, 	6.495304464466782e-49, 	1.0; 
246, 	2.1354425636603117e-49, 	1.0; 
247, 	6.962127810289783e-50, 	1.0; 
248, 	2.2507700866142313e-50, 	1.0; 
249, 	7.214797263941508e-51, 	1.0; 
250, 	2.2929218701841508e-51, 	1.0; 
251, 	7.224274385511707e-52, 	1.0; 
252, 	2.256348712187218e-52, 	1.0; 
253, 	6.985408341839881e-53, 	1.0; 
254, 	2.143467765167306e-53, 	1.0; 
255, 	6.518491011878657e-54, 	1.0; 
256, 	1.9644767433058966e-54, 	1.0; 
257, 	5.866519589598431e-55, 	1.0; 
258, 	1.7358468922647414e-55, 	1.0; 
259, 	5.0886470540363655e-56, 	1.0; 
260, 	1.4777988704872732e-56, 	1.0; 
261, 	4.251202230168868e-57, 	1.0; 
262, 	1.2113014573631843e-57, 	1.0; 
263, 	3.418193153655013e-58, 	1.0; 
264, 	9.552211004734557e-59, 	1.0; 
265, 	2.6432145519950417e-59, 	1.0; 
266, 	7.241683704096004e-60, 	1.0; 
267, 	1.9641827033027517e-60, 	1.0; 
268, 	5.2736960253060186e-61, 	1.0; 
269, 	1.401502779327901e-61, 	1.0; 
270, 	3.686144296314479e-62, 	1.0; 
271, 	9.594074195886999e-63, 	1.0; 
272, 	2.470802669625693e-63, 	1.0; 
273, 	6.295469815758614e-64, 	1.0; 
274, 	1.5868033508213494e-64, 	1.0; 
275, 	3.956139860951858e-65, 	1.0; 
276, 	9.754865410566223e-66, 	1.0; 
277, 	2.3785836206586135e-66, 	1.0; 
278, 	5.7346673593961094e-67, 	1.0; 
279, 	1.3668933158012643e-67, 	1.0; 
280, 	3.2206253468194176e-68, 	1.0; 
281, 	7.500086424100013e-69, 	1.0; 
282, 	1.7260472866421948e-69, 	1.0; 
283, 	3.924984240857594e-70, 	1.0; 
284, 	8.817772815077335e-71, 	1.0; 
285, 	1.9568208164966142e-71, 	1.0; 
286, 	4.2889223375268256e-72, 	1.0; 
287, 	9.282873004510116e-73, 	1.0; 
288, 	1.983737244799422e-73, 	1.0; 
289, 	4.184870352042616e-74, 	1.0; 
290, 	8.71370265082846e-75, 	1.0; 
291, 	1.7904868460606425e-75, 	1.0; 
292, 	3.630028126259933e-76, 	1.0; 
293, 	7.260056252519867e-77, 	1.0; 
294, 	1.4321206854285765e-77, 	1.0; 
295, 	2.7857690045322993e-78, 	1.0; 
296, 	5.3425706936235874e-79, 	1.0; 
297, 	1.009965418794596e-79, 	1.0; 
298, 	1.8815794103570555e-80, 	1.0; 
299, 	3.4538580957239103e-81, 	1.0; 
300, 	6.245332447062413e-82, 	1.0; 
301, 	1.1121824905727585e-82, 	1.0; 
302, 	1.9501282026481244e-83, 	1.0; 
303, 	3.3659747059405983e-84, 	1.0; 
304, 	5.717546075844304e-85, 	1.0; 
305, 	9.555350976068563e-86, 	1.0; 
306, 	1.5707426262030514e-86, 	1.0; 
307, 	2.539008628656987e-87, 	1.0; 
308, 	4.034589053756309e-88, 	1.0; 
309, 	6.300591125044099e-89, 	1.0; 
310, 	9.666660356232042e-90, 	1.0; 
311, 	1.4566200536788007e-90, 	1.0; 
312, 	2.1549995314700065e-91, 	1.0; 
313, 	3.129177401860557e-92, 	1.0; 
314, 	4.458006161554766e-93, 	1.0; 
315, 	6.228994910665563e-94, 	1.0; 
316, 	8.532869740637758e-95, 	1.0; 
317, 	1.1455085405239729e-95, 	1.0; 
318, 	1.506422190278101e-96, 	1.0; 
319, 	1.9397765189882398e-97, 	1.0; 
320, 	2.444649859546823e-98, 	1.0; 
321, 	3.013951881633069e-99, 	1.0; 
322, 	3.633257062790549e-100, 	1.0; 
323, 	4.2802754438354416e-101, 	1.0; 
324, 	4.925248455920234e-102, 	1.0; 
325, 	5.532470868293962e-103, 	1.0; 
326, 	6.062981773472835e-104, 	1.0; 
327, 	6.478254497683303e-105, 	1.0; 
328, 	6.744484134574398e-106, 	1.0; 
329, 	6.836874328198704e-107, 	1.0; 
330, 	6.7432185154836534e-108, 	1.0; 
331, 	6.466099946354187e-109, 	1.0; 
332, 	6.023216388384723e-110, 	1.0; 
333, 	5.4456476936081065e-111, 	1.0; 
334, 	4.774266471108477e-112, 	1.0; 
335, 	4.054856454914049e-113, 	1.0; 
336, 	3.332758730066341e-114, 	1.0; 
337, 	2.647945292381477e-115, 	1.0; 
338, 	2.0313004982652427e-116, 	1.0; 
339, 	1.5026058480318234e-117, 	1.0; 
340, 	1.0703493712007508e-118, 	1.0; 
341, 	7.331160076717471e-120, 	1.0; 
342, 	4.820488817567652e-121, 	1.0; 
343, 	3.037568296001534e-122, 	1.0; 
344, 	1.8308630825214726e-123, 	1.0; 
345, 	1.0533732803548199e-124, 	1.0; 
346, 	5.771908385505862e-126, 	1.0; 
347, 	3.004555049989353e-127, 	1.0; 
348, 	1.4816983808166673e-128, 	1.0; 
349, 	6.9010609517488615e-130, 	1.0; 
350, 	3.0251226089858024e-131, 	1.0; 
351, 	1.2432010721859462e-132, 	1.0; 
352, 	4.768442468658424e-134, 	1.0; 
353, 	1.6983493723988907e-135, 	1.0; 
354, 	5.583614375010051e-137, 	1.0; 
355, 	1.6827330993180975e-138, 	1.0; 
356, 	4.61022766936465e-140, 	1.0; 
357, 	1.1367684664186809e-141, 	1.0; 
358, 	2.491547323657383e-143, 	1.0; 
359, 	4.778309935781282e-145, 	1.0; 
360, 	7.854756058818546e-147, 	1.0; 
361, 	1.0759939806600747e-148, 	1.0; 
362, 	1.1791714856548765e-150, 	1.0; 
363, 	9.69182043004008e-153, 	1.0; 
364, 	5.310586537008263e-155, 	1.0; 
365, 	1.4549552156187023e-157, 	1.0; 
